% latex table generated in R 3.2.4 by xtable 1.8-2 package
% Tue Jun 27 20:18:37 2017
\begin{landscape}
\begin{table}[ht]
\scriptsize
\centering
\caption{Correlations among on-sheep measures and scores. Flock and CrimpType ignored. Also correlations with CrimpTypeFMNum.}
\label{tab:correl}
\begin{tabular}{rrrrrrrrrrrrrr}
  \hline
 & StapMaxD & StapMinD & StapArea & CompEx & Softness & Lustre & Whiteness & PeelScore & Crimp & CrimpShape & BridgeFib & Ringlet & CrimpType \\ 
 & $mm$ & $mm$ & $mm^{2}$ & score & score & score & score & score & Freq/cm & VisNum & VisNum & 3Num &  FMNum \\
  \hline
StapMaxD & 1.00 & 0.73 & 0.91 & -0.51 & -0.59 & -0.61 & -0.30 & -0.55 & 0.08 & 0.41 & 0.48 & -0.18 & -0.52 \\ 
  StapMinD & 0.73 & 1.00 & 0.90 & -0.46 & -0.46 & -0.48 & -0.25 & -0.44 & -0.07 & 0.32 & 0.40 & -0.24 & -0.39 \\ 
  StapArea & 0.91 & 0.90 & 1.00 & -0.52 & -0.58 & -0.61 & -0.30 & -0.54 & 0.06 & 0.36 & 0.44 & -0.20 & -0.47 \\ 
  CompEx & -0.51 & -0.46 & -0.52 & 1.00 & 0.57 & 0.59 & 0.25 & 0.62 & -0.15 & -0.54 & -0.58 & 0.28 & 0.62 \\ 
  Softness & -0.59 & -0.46 & -0.58 & 0.57 & 1.00 & 0.75 & 0.42 & 0.65 & -0.20 & -0.36 & -0.46 & 0.25 & 0.47 \\ 
  Lustre & -0.61 & -0.48 & -0.61 & 0.59 & 0.75 & 1.00 & 0.31 & 0.61 & -0.33 & -0.32 & -0.44 & 0.23 & 0.45 \\ 
  Whiteness & -0.30 & -0.25 & -0.30 & 0.25 & 0.42 & 0.31 & 1.00 & 0.31 & 0.08 & -0.17 & -0.27 & 0.14 & 0.19 \\ 
  PeelScore & -0.55 & -0.44 & -0.54 & 0.62 & 0.65 & 0.61 & 0.31 & 1.00 & -0.08 & -0.48 & -0.53 & 0.25 & 0.55 \\ 
  CrimpFreq & 0.08 & -0.07 & 0.06 & -0.15 & -0.20 & -0.33 & 0.08 & -0.08 & 1.00 & 0.02 & 0.03 & 0.06 & -0.09 \\ 
  CrimpShape & 0.41 & 0.32 & 0.36 & -0.54 & -0.36 & -0.32 & -0.17 & -0.48 & 0.02 & 1.00 & 0.57 & -0.29 & -0.70 \\ 
  VisNum & & & & & & & & & & & & & \\
  BridgeFib & 0.48 & 0.40 & 0.44 & -0.58 & -0.46 & -0.44 & -0.27 & -0.53 & 0.03 & 0.57 & 1.00 & -0.18 & -0.70 \\ 
  VisNum & & & & & & & & & & & & & \\
  Ringlet & -0.18 & -0.24 & -0.20 & 0.28 & 0.25 & 0.23 & 0.14 & 0.25 & 0.06 & -0.29 & -0.18 & 1.00 & 0.32 \\ 
  3Num & & & & & & & & & & & & & \\
  CrimpType & -0.52 & -0.39 & -0.47 & 0.62 & 0.47 & 0.45 & 0.19 & 0.55 & -0.09 & -0.70 & -0.70 & 0.32 & 1.00 \\ 
  Num & & & & & & & & & & & & & \\
   \hline
\end{tabular}
\end{table}
\end{landscape}
