% latex table generated in R 3.4.2 by xtable 1.8-2 package
% Sat Dec 15 21:09:05 2018
\begin{landscape}
\begin{table}[ht]
\footnotesize
\centering
\caption{Correlations among the covariates used in the full model of equation~\ref{eqn:fullmod}}
\label{tab:covcor}
\begin{tabular}{rrrrrrrrrrrrr}
  \hline
 & Fn & IGNorth & IGSouth & IGEast & IGWest & IFDistMean & FollGpArea & FollperGp & IntGpDens & AreaPerFoll & FollCurv & FollDep \\ 
  \hline
Fn & 1.00 & 0.13 & 0.13 & 0.01 & -0.09 & -0.18 & -0.43 & 0.39 & 0.76 & -0.65 & -0.15 & -0.07 \\ 
  IGNorth & 0.13 & 1.00 & 0.58 & 0.04 & -0.04 & -0.09 & 0.01 & 0.14 & 0.15 & -0.09 & -0.15 & -0.11 \\ 
  IGSouth & 0.13 & 0.58 & 1.00 & 0.00 & -0.08 & -0.15 & 0.08 & 0.29 & 0.18 & -0.17 & -0.17 & -0.14 \\ 
  IGEast & 0.01 & 0.04 & 0.00 & 1.00 & 0.29 & 0.07 & 0.03 & 0.09 & 0.02 & -0.06 & -0.00 & -0.08 \\ 
  IGWest & -0.09 & -0.04 & -0.08 & 0.29 & 1.00 & 0.21 & -0.02 & -0.01 & -0.00 & 0.03 & 0.14 & -0.14 \\ 
  IFDistMean & -0.18 & -0.09 & -0.15 & 0.07 & 0.21 & 1.00 & 0.13 & -0.06 & -0.16 & 0.20 & 0.33 & -0.04 \\ 
  FollGpArea & -0.43 & 0.01 & 0.08 & 0.03 & -0.02 & 0.13 & 1.00 & 0.37 & -0.57 & 0.50 & 0.14 & 0.03 \\ 
  FollperGp & 0.39 & 0.14 & 0.29 & 0.09 & -0.01 & -0.06 & 0.37 & 1.00 & 0.48 & -0.43 & -0.00 & -0.03 \\ 
  IntGpDens & 0.76 & 0.15 & 0.18 & 0.02 & -0.00 & -0.16 & -0.57 & 0.48 & 1.00 & -0.81 & -0.15 & -0.06 \\ 
  AreaPerFoll & -0.65 & -0.09 & -0.17 & -0.06 & 0.03 & 0.20 & 0.50 & -0.43 & -0.81 & 1.00 & 0.15 & 0.07 \\ 
  FollCurv & -0.15 & -0.15 & -0.17 & -0.00 & 0.14 & 0.33 & 0.14 & -0.00 & -0.15 & 0.15 & 1.00 & -0.06 \\ 
  FollDep & -0.07 & -0.11 & -0.14 & -0.08 & -0.14 & -0.04 & 0.03 & -0.03 & -0.06 & 0.07 & -0.06 & 1.00 \\ 
   \hline
\end{tabular}
\end{table}
\end{landscape}
