% latex table generated in R 3.2.4 by xtable 1.8-2 package
% Sat Feb  4 21:25:52 2017
\begin{landscape}
\begin{table}[ht]
\centering
\caption{Correlations among on-sheep measures and scores. Flock and CrimpType ignored.}
\label{tab:correl}
\begin{tabular}{rrrrrrrrrrr}
  \hline
 & StapMaxD & StapMinD & StapArea & CompEx & Softness & Lustre & Whiteness & PeelScore & CrimpFreq & Zigzag \\ 
  \hline
StapMaxD & 1.00 & 0.76 & 0.92 & -0.53 & -0.61 & -0.63 & -0.33 & -0.56 & 0.05 & -0.49 \\ 
  StapMinD & 0.76 & 1.00 & 0.90 & -0.48 & -0.47 & -0.50 & -0.29 & -0.46 & -0.08 & -0.37 \\ 
  StapArea & 0.92 & 0.90 & 1.00 & -0.54 & -0.59 & -0.62 & -0.33 & -0.55 & 0.05 & -0.48 \\ 
  CompEx & -0.53 & -0.48 & -0.54 & 1.00 & 0.52 & 0.54 & 0.20 & 0.61 & -0.10 & 0.60 \\ 
  Softness & -0.61 & -0.47 & -0.59 & 0.52 & 1.00 & 0.75 & 0.40 & 0.65 & -0.19 & 0.57 \\ 
  Lustre & -0.63 & -0.50 & -0.62 & 0.54 & 0.75 & 1.00 & 0.30 & 0.60 & -0.31 & 0.56 \\ 
  Whiteness & -0.33 & -0.29 & -0.33 & 0.20 & 0.40 & 0.30 & 1.00 & 0.32 & 0.09 & 0.17 \\ 
  PeelScore & -0.56 & -0.46 & -0.55 & 0.61 & 0.65 & 0.60 & 0.32 & 1.00 & -0.07 & 0.57 \\ 
  CrimpFreq & 0.05 & -0.08 & 0.05 & -0.10 & -0.19 & -0.31 & 0.09 & -0.07 & 1.00 & -0.27 \\ 
  Zigzag & -0.49 & -0.37 & -0.48 & 0.60 & 0.57 & 0.56 & 0.17 & 0.57 & -0.27 & 1.00 \\ 
   \hline
\end{tabular}
\end{table}
\end{landscape}
